40.742357 51.541389 
37.640053 50.935768 
41.399156 49.495094 
39.673027 52.711527 
38.321751 47.816081 
38.684508 48.260917 
38.049409 52.166988 
39.53856 52.98767 
37.520024 50.935299 
38.803439 49.203046 
40.498552 50.27264 
38.554107 47.018894 
37.550593 50.596027 
38.209828 48.11308 
38.3394 47.467054 
40.388202 47.985912 
37.522686 48.909021 
38.216312 47.460528 
37.633862 47.938434 
37.665458 48.601208 
37.583614 50.04635 
37.893413 47.258438 
37.62597 48.162693 
37.602421 48.330474 
39.832137 49.155019 
37.623586 50.521819 
38.279925 47.459414 
41.322764 47.182086 
38.829605 47.371747 
37.850208 47.11113 
37.573996 48.870506 
37.950224 49.637959 
37.694186 48.16136 
41.280273 47.021664 
37.589455 49.066473 
37.58985 48.094283 
37.607421 53.332355 
38.055718 48.377102 
37.754502 48.765177 
40.403158 47.558636 
38.1309 46.956393 
37.67122 48.485853 
37.663864 52.146256 
39.768636 49.050189 
37.699602 51.496635 
38.114757 47.25697 
37.697402 49.090741 
37.574595 48.742577 
37.648206 48.655277 
37.526228 50.243325 
38.315043 47.546806 
37.687377 47.987983 
39.284782 46.887797 
38.914108 47.40173 
37.592568 51.515846 
40.358304 48.024713 
37.685296 47.91757 
37.636611 52.046162 
38.068197 49.50302 
37.922803 47.279196 
37.704222 49.053098 
37.710395 47.73683 
37.686748 49.074944 
38.126206 47.591719 
37.762945 47.032085 
40.842298 48.527318 
37.840487 47.635755 
40.463107 46.690946 
37.441824 49.007507 
37.376197 50.533947 
37.564937 49.397158 
37.622657 49.045044 
40.894588 48.068356 
39.52882 49.628454 
37.489355 52.466161 
37.513322 47.967291 
37.48673 49.308645 
37.501441 48.543943 
37.432396 48.635361 
38.38875 46.60723 
38.287245 48.023115 
37.554325 48.125294 
37.452915 48.676374 
40.192697 47.227216 
39.630667 48.278335 
37.415546 50.803759 
37.478353 51.358064 
39.995644 48.617845 
37.591113 47.581899 
37.44114 47.610961 
37.50651 47.902428 
37.410519 48.229504 
40.625253 47.920542 
37.585004 49.963298 
37.441628 49.614718 
37.65758 48.006689 
38.439523 46.92602 
37.432513 48.787139 
37.492344 50.908821 
37.580324 50.544803 
42.094509 57.606124 

