195.7223 235.105712 
195.086824 236.653945 
201.037617 227.588397 
195.088129 227.689937 
196.778876 232.834995 
195.007485 225.13246 
194.882197 228.298122 
195.283747 224.888898 
195.142208 227.044769 
195.114492 227.266214 
197.310483 230.112136 
212.372752 227.254954 
195.237908 224.604598 
197.187868 229.751624 
196.387952 227.28815 
196.113034 226.3145 
196.171889 230.876348 
195.921955 227.734265 
195.900605 227.080028 
195.702043 227.26255 
195.402931 229.70785 
194.775454 224.142684 
196.475184 226.472278 
196.181681 226.346618 
195.4761 228.697427 
195.990384 223.696567 
197.058297 228.20239 
195.246441 227.124728 
199.777048 236.404552 
194.804666 233.064667 
196.443222 225.697404 
194.993628 225.12613 
195.858143 232.652962 
195.907713 230.741545 
195.188011 224.274061 
195.075827 229.799461 
195.052049 229.257036 
195.021211 227.976143 
196.050665 229.489684 
199.498164 225.015318 
194.898923 228.125164 
196.211481 225.047453 
200.870226 232.943389 
198.498236 226.964498 
194.626664 234.248961 
196.412758 225.190427 
197.372235 227.189298 
195.193171 234.856645 
195.113538 225.434455 
194.948123 228.483284 
195.876341 228.565753 
194.73298 227.670858 
195.729266 223.19402 
196.028567 225.800791 
194.928271 230.170692 
194.963675 228.989181 
199.989399 225.854927 
195.438648 229.8171 
195.018225 230.997545 
200.949148 229.8683 
196.086573 231.01753 
196.298828 227.348598 
195.014901 232.894915 
198.470129 225.572644 
194.190269 228.778398 
195.056647 227.069896 
194.960573 224.878914 
196.165121 225.828847 
194.476863 225.142655 
193.974087 223.852702 
199.098506 226.964551 
198.61375 225.225515 
200.620898 229.173585 
194.279601 224.992413 
193.996515 232.630275 
193.812702 231.22661 
195.082224 225.086388 
195.223285 222.616189 
193.827504 226.577231 
194.821103 229.706393 
199.509164 227.284748 
194.973923 228.229702 
193.962839 228.034985 
198.450942 228.493663 
194.116321 232.887815 
193.939822 225.38336 
197.888558 227.100622 
195.315032 224.449194 
195.24527 228.327393 
194.723409 230.618562 
194.840357 229.811897 
195.615626 224.513537 
195.060105 225.386398 
193.823989 227.532318 
194.428326 225.938201 
193.94401 229.852934 
194.792291 225.245978 
194.632425 226.324834 
195.294372 227.399062 
194.76046 227.80172 

