5.944205 8.094771 
5.760583 7.843397 
5.734839 7.804432 
5.813674 7.793752 
5.965745 8.316387 
6.99008 7.549477 
5.865157 8.368998 
8.112224 7.518494 
5.735965 7.830293 
7.225364 7.727868 
6.143102 9.164447 
6.12391 10.12924 
5.887229 7.793551 
5.724102 8.508008 
5.77059 7.67073 
5.855557 7.943805 
5.754146 7.584958 
5.755513 8.403088 
5.83715 7.681952 
5.893928 7.647216 
5.91343 8.178592 
6.144222 7.93446 
5.915164 7.957557 
6.096505 7.897281 
7.816397 9.403639 
5.750829 7.755392 
5.775963 12.877703 
5.833979 7.46795 
5.888873 7.725559 
5.721549 7.680922 
6.61153 7.984493 
5.751588 8.066544 
6.088796 7.543195 
5.745257 7.640163 
6.019231 7.902109 
5.757318 7.53565 
5.739519 8.775207 
5.745422 7.554976 
6.225175 7.707334 
5.72567 7.732859 
5.84686 7.631031 
5.770536 7.808579 
6.520102 7.868817 
5.732386 8.033793 
5.858595 7.828498 
5.802416 7.639864 
5.913569 8.098271 
5.731105 7.866573 
5.782527 9.684591 
5.723036 7.657805 
5.794279 7.885525 
5.808249 7.74354 
5.737235 7.520907 
6.45502 7.66501 
5.735314 8.43302 
5.741766 7.721976 
7.853316 8.228787 
5.822292 7.632839 
5.723103 8.311474 
5.908499 7.523206 
6.148726 8.005686 
5.712752 7.82261 
5.748313 7.864953 
5.731491 8.764755 
6.032789 7.734053 
5.850144 7.789655 
5.728081 7.476487 
6.902116 7.684899 
5.777638 7.547149 
6.019046 7.73747 
5.712729 9.39792 
5.817633 7.710946 
5.734125 7.753443 
5.751055 7.520416 
5.712279 7.773662 
5.726856 7.632087 
5.726081 8.803469 
6.278783 7.861899 
6.549931 8.435382 
5.796253 7.632057 
5.859613 7.615684 
5.72493 7.641092 
5.762565 8.32744 
5.757901 7.525726 
6.2305 7.513146 
5.714481 7.818326 
5.75705 7.545401 
5.849818 7.856418 
6.642437 7.569084 
5.877079 8.161025 
6.672085 8.600133 
5.811567 7.672782 
5.796209 7.480471 
5.846289 8.856528 
5.9299 7.497443 
6.929141 8.530903 
5.77832 7.676262 
5.865691 7.623824 
5.845072 7.566274 
5.756231 7.479866 

