86.46229 102.575816 
83.540056 105.925887 
88.606411 104.156321 
83.722761 99.931791 
83.655931 99.706401 
88.606274 107.413392 
83.479511 101.557484 
83.859366 98.566481 
83.632549 99.118983 
83.711253 99.079187 
88.285825 105.550115 
83.802111 100.111904 
91.324255 123.963277 
83.761794 99.527993 
83.712397 100.817373 
83.829624 101.712932 
83.748513 98.504768 
83.750532 99.620225 
83.680643 98.329097 
99.542587 99.074292 
83.596399 101.240307 
83.799295 99.709375 
83.64204 98.656723 
83.630459 100.419267 
86.798283 98.851366 
83.616566 99.716591 
83.726586 99.983256 
83.766248 98.604822 
83.603979 97.580064 
83.746185 120.131162 
83.709657 100.895772 
83.807112 98.366213 
83.519706 98.921895 
83.683071 99.217077 
83.838286 98.407052 
83.673384 99.191785 
83.773148 99.923844 
83.684206 101.162072 
83.695234 101.522743 
83.559691 99.894326 
86.917499 98.136661 
83.658213 98.846402 
83.639213 100.225829 
83.599342 103.514367 
83.517292 99.670918 
83.589588 100.527214 
96.765371 102.582015 
83.567378 103.765215 
83.775996 98.552403 
83.606857 99.220667 
83.944876 98.836517 
87.092031 101.075301 
83.77394 109.088402 
83.674346 102.458732 
83.679654 102.60688 
83.684352 103.839282 
83.750305 102.691644 
95.666778 97.986237 
86.685142 99.440577 
83.801285 100.081656 
83.636915 102.549859 
94.731671 101.560779 
83.704767 99.219931 
91.445431 98.885863 
83.263653 101.342848 
83.100678 98.43908 
86.096694 98.663896 
83.117156 100.116634 
83.224726 98.635761 
83.084253 99.666817 
83.135129 98.95262 
83.081615 98.268549 
83.02388 102.96307 
86.301672 98.463824 
96.304146 100.600742 
83.178677 100.584344 
83.144961 104.421189 
83.328159 102.616681 
94.42792 99.816605 
87.855012 99.014826 
86.351546 98.88497 
86.421472 99.74219 
83.151792 97.846771 
83.192211 98.86571 
83.120036 101.346155 
83.1962 105.509597 
86.569612 98.715826 
83.17718 107.795634 
86.569873 99.001266 
83.202534 104.088139 
83.077873 99.183053 
93.262802 98.680252 
84.802854 100.072565 
83.168462 100.758012 
86.778598 101.46558 
83.116986 102.216288 
86.867181 99.457679 
83.270347 99.173334 
82.976284 102.474048 
83.286299 99.209713 

