140.719384 149.25837 
139.856709 152.479614 
142.744379 145.402765 
138.112953 151.832591 
137.736417 143.838513 
136.714915 150.900994 
140.31436 146.155662 
136.097677 150.084344 
145.952564 146.960367 
134.382162 146.354032 
135.456428 145.560268 
133.786905 144.613234 
134.763311 145.883193 
138.342344 145.428651 
133.855502 145.919561 
134.136533 146.139923 
135.189432 144.149111 
132.584875 145.105301 
133.777514 145.753251 
133.261962 146.302386 
142.742551 145.858478 
135.19599 147.947982 
138.496561 146.070171 
136.797192 146.865803 
145.550186 147.374485 
135.763709 145.93951 
136.915507 145.835598 
135.791147 144.929887 
135.716856 145.788609 
134.047499 145.14192 
135.277092 148.35167 
134.310463 148.669005 
134.215957 145.415367 
134.827615 146.417996 
133.378117 149.715461 
134.793615 146.217767 
135.697414 145.464805 
137.507676 145.659525 
132.731581 145.932838 
134.110589 146.289403 
136.537501 146.057772 
146.505275 145.91688 
137.270765 144.979437 
135.450038 148.746422 
132.78213 148.841177 
134.760071 157.452434 
133.194127 149.519517 
134.382687 154.424345 
132.699472 149.160418 
190.171439 205.850721 
145.090163 144.615184 
133.569225 144.635883 
133.124821 145.857663 
133.011484 148.435765 
136.695538 157.546004 
138.590637 146.872371 
138.572721 146.698916 
134.940351 145.32165 
136.913774 145.824051 
134.050953 158.876071 
133.00865 148.979487 
135.435126 146.440685 
133.44583 146.726455 
135.582467 145.942445 
138.851827 146.246773 
149.979815 145.153023 
139.496778 148.300512 
141.980419 145.633682 
138.526022 177.20008 
146.197837 156.862468 
134.583242 144.811043 
135.018665 148.679972 
135.607981 145.951893 
138.613536 146.582727 
140.118158 146.492479 
147.992863 147.530248 
140.480138 146.47186 
140.89641 146.191927 
137.731585 146.411325 
147.854949 148.084958 
134.524885 145.582216 
135.195266 146.229116 
138.464747 144.787822 
139.230189 146.050042 
146.292389 146.712394 
137.907178 147.096786 
138.158512 147.002415 
137.744437 145.525899 
144.896017 146.035837 
137.875205 147.043632 
137.891077 146.833965 
135.175619 149.270217 
136.37989 151.69656 
135.961609 169.302015 
133.320735 147.760241 
137.096424 147.830248 
134.476423 148.297861 
133.583947 157.743422 
138.26445 145.633111 
139.528695 144.894731 

