11.994578 26.317448 
12.775377 12.237373 
11.65136 14.692443 
12.913463 12.38761 
11.598926 13.035132 
15.017238 13.767045 
12.22302 11.987276 
11.644686 13.077932 
12.28202 11.813737 
11.604448 11.75731 
13.313576 12.878088 
11.660165 11.874393 
11.568925 12.195861 
11.908789 11.746862 
12.29172 13.400138 
11.797885 11.975834 
17.001107 12.609213 
11.602389 11.97478 
11.367726 11.829079 
13.182064 12.624797 
11.603729 12.531084 
11.831435 11.91244 
11.653033 11.950891 
11.635247 12.771769 
11.914334 11.894025 
11.749521 11.952134 
12.263916 13.075392 
11.639866 12.962297 
11.946296 12.217494 
12.070364 12.129506 
11.926989 12.912754 
12.208291 13.157145 
12.098354 12.198765 
11.592402 12.564706 
11.794088 12.493911 
12.40967 11.80075 
11.682624 12.118712 
11.531581 11.825621 
11.671355 12.545305 
11.696912 11.854786 
11.457029 12.538892 
11.660367 11.934878 
11.784458 12.561196 
11.62323 11.936003 
12.352636 12.167568 
11.504851 11.846914 
11.432501 11.787483 
11.709337 12.588668 
11.53608 12.182214 
11.712304 12.459559 
11.666344 11.802903 
11.925143 12.596861 
11.6917 11.977287 
11.552765 12.124827 
12.320148 13.826697 
11.610389 11.858293 
11.703134 12.156988 
11.690919 11.905799 
11.519735 12.280915 
11.80555 12.758378 
11.926035 12.02075 
11.467533 12.283736 
12.060348 11.858176 
11.800429 12.59314 
11.592303 12.822074 
11.647789 12.07806 
11.967834 12.11928 
12.081147 12.376999 
11.67832 12.350797 
12.360191 11.853528 
11.560395 12.452965 
11.967221 11.864895 
11.763384 12.402996 
11.681407 11.908285 
13.697377 11.827045 
11.999188 11.922634 
11.493768 12.51028 
11.634192 12.57896 
11.471717 11.903154 
12.047567 12.207561 
14.337923 15.629647 
11.627086 11.877153 
12.372425 11.923847 
11.564588 11.943576 
11.47346 12.650306 
11.5639 11.969108 
11.502424 12.374309 
12.16777 11.920603 
11.484721 11.83391 
12.133403 12.286546 
11.679793 12.004032 
11.634341 12.008782 
12.440539 12.354554 
11.568688 12.761449 
11.585632 12.242182 
11.70113 11.809622 
11.784782 12.457862 
12.051114 12.001995 
11.546846 11.879189 
12.185278 11.839286 
11.601106 12.025696 
