297.053097 303.891144 
294.816364 305.190211 
290.275651 305.187906 
291.584917 303.518967 
287.705646 300.865551 
305.059021 306.376981 
286.676399 309.350637 
290.561896 302.692258 
305.079195 305.438291 
287.200306 304.533787 
305.269349 304.474754 
290.21763 304.856344 
288.548184 303.240222 
290.62249 307.339672 
289.311864 303.332757 
307.357869 301.662983 
287.235417 302.301548 
288.917277 301.425405 
295.072021 301.154848 
288.213823 318.445143 
288.00665 303.586575 
288.789295 301.22342 
292.936817 300.304673 
286.505894 322.26032 
289.600041 305.306983 
292.741632 302.699544 
291.649091 303.316636 
294.152355 302.585017 
288.0409 303.29296 
287.404047 304.486562 
286.849278 302.336928 
287.751598 307.218889 
286.812602 311.341657 
290.255108 304.589828 
288.762217 299.407525 
287.806258 301.913331 
290.639057 302.22209 
288.350323 308.298642 
294.564485 305.912921 
292.437426 303.359402 
304.289866 304.941532 
296.964817 305.528075 
292.023778 307.155467 
302.623988 303.298513 
294.093876 303.099851 
289.221699 305.044448 
287.233631 315.607541 
287.001521 309.82652 
291.504359 300.787926 
301.930788 302.523429 
287.721865 303.172585 
288.962676 304.545321 
305.782656 302.499229 
287.190319 305.208166 
298.204393 299.778852 
289.380116 302.925941 
294.799847 304.858875 
292.234366 303.101182 
287.407736 298.591541 
292.159802 301.261764 
288.734436 305.743573 
301.147072 307.140533 
292.324326 303.495524 
291.263551 302.809115 
290.051911 306.863498 
291.217432 304.3928 
295.586875 302.280208 
287.895219 301.319251 
292.670497 305.041874 
287.618203 308.905248 
305.921367 300.520983 
291.197471 306.918377 
296.744223 303.261712 
288.072863 303.783555 
293.79296 304.009865 
291.004101 301.615632 
285.81986 304.593823 
304.153955 301.369165 
295.303664 300.316333 
288.279558 302.331713 
295.461577 302.549099 
287.693691 304.816848 
299.501004 304.730816 
287.566048 310.799236 
291.042563 305.750224 
288.225677 318.091929 
289.585531 306.66776 
293.742629 301.15815 
297.138864 301.744936 
306.525794 301.238439 
289.079942 308.412313 
288.190181 307.005702 
294.619735 302.29653 
287.955571 301.418447 
289.305634 311.195427 
294.789477 300.390231 
290.145 304.250056 
305.511401 302.74156 
289.324579 299.761024 
292.790426 303.47543 

