58.191688 90.541945 
66.595948 68.793653 
64.620364 71.472866 
67.257525 72.55622 
66.160778 67.824896 
67.307108 74.021406 
65.624874 68.060809 
67.754962 68.682083 
66.379111 69.213472 
65.77888 70.564242 
70.615721 71.479809 
67.732378 67.557018 
64.688967 67.279616 
66.585908 67.48126 
66.54165 70.68089 
66.607005 68.383024 
66.266738 67.848703 
64.198124 68.154887 
65.574705 69.165526 
67.78315 70.104281 
66.254801 71.864305 
65.511649 68.019251 
64.731114 69.539673 
65.676521 67.804521 
65.630574 68.273395 
65.406442 68.035688 
68.027739 67.420493 
66.015283 68.59788 
66.100225 68.114715 
65.443664 67.529384 
65.808086 67.776424 
65.667041 71.33839 
64.110145 67.893039 
64.977458 67.259499 
65.124052 71.847214 
64.932326 67.050477 
65.547385 70.818106 
64.012638 67.729071 
69.763083 67.850134 
65.220907 67.055675 
65.233787 67.830456 
65.424014 70.266682 
64.754053 67.7402 
64.82979 67.550255 
65.684118 67.031481 
64.661404 67.732471 
70.358265 69.337564 
65.177776 66.688614 
65.253875 67.085176 
65.643932 68.449652 
65.532564 70.184833 
65.34514 67.188745 
64.556581 67.381218 
64.849109 67.950272 
66.138028 68.012503 
65.475173 67.993581 
63.77371 68.080154 
65.698004 68.303411 
64.974872 67.098456 
64.584965 70.545478 
65.168328 67.290307 
65.276123 67.559273 
65.983947 70.230375 
65.377334 67.471864 
65.233296 67.126147 
65.506434 67.922223 
67.571947 68.406187 
66.838547 67.007082 
66.092472 68.455884 
64.393179 68.373507 
65.458903 68.455162 
64.593125 68.148663 
64.73515 66.863176 
67.879218 67.65351 
64.55849 67.580813 
65.666156 68.539127 
65.022833 69.63247 
64.668822 67.902863 
64.749533 68.632301 
65.219319 70.043236 
66.601041 68.383309 
65.278528 68.234751 
64.817044 70.353755 
65.414065 67.77017 
66.337038 68.405338 
66.156452 70.095275 
64.678222 68.093085 
64.96409 66.947798 
67.470321 66.709992 
66.036798 69.437978 
65.147553 68.100435 
65.650881 67.486301 
65.688302 67.87655 
68.659457 67.696809 
65.471216 67.493857 
65.003342 70.582057 
66.116879 68.006732 
64.636001 67.33385 
64.070108 69.756428 
66.141512 67.869837 
67.203823 68.346214 
