247.81374 226.595689 
257.418322 226.47897 
250.306448 224.233138 
255.972693 223.265716 
242.396425 227.609425 
237.850821 238.377639 
238.803518 224.829732 
249.751651 229.232701 
236.935441 224.946087 
242.672065 225.722394 
239.496668 235.043708 
235.499512 222.242257 
235.392941 227.325097 
236.642747 222.013321 
243.664038 226.363843 
238.161717 237.816965 
235.434287 228.823161 
240.18647 223.909488 
243.060917 226.040456 
235.471774 245.10476 
238.074131 225.826661 
235.047306 221.525207 
242.559677 223.073513 
254.176278 227.91542 
243.277552 223.753491 
239.630184 226.99649 
238.412675 235.430392 
236.656008 234.197826 
240.622793 221.657889 
254.062858 220.809009 
248.04877 221.708792 
243.713301 227.621994 
239.586202 241.080724 
235.793165 224.976198 
236.71111 227.184675 
242.01723 223.18647 
237.207276 230.757718 
236.192804 241.286632 
234.242421 222.638171 
234.411897 224.722063 
241.823332 223.216507 
241.345621 220.597036 
255.146554 231.7382 
242.527109 223.607847 
242.290616 225.670072 
251.825778 225.100769 
233.403412 230.158475 
233.769701 227.713449 
249.532665 225.526415 
239.986393 227.699837 
235.269409 228.306904 
249.045738 224.891454 
237.790839 234.359532 
236.445752 229.349497 
233.848668 236.894228 
239.733293 229.636877 
235.717062 231.333179 
236.857595 243.290827 
236.825744 222.294072 
236.402796 232.92126 
236.154543 229.237551 
238.770317 243.510612 
234.5187 229.834326 
237.734761 228.589358 
255.510412 224.078941 
243.434352 224.740218 
236.29891 224.836827 
254.864285 222.04106 
235.416206 229.961749 
237.119164 229.651029 
237.339192 236.569624 
235.832697 230.733533 
242.261178 220.028623 
250.855146 221.662914 
243.21427 222.190798 
242.812258 225.335974 
238.061029 240.630176 
240.447722 222.260335 
242.078457 222.704352 
252.78455 226.554809 
241.800942 224.409756 
242.785033 226.125526 
255.793686 223.618111 
240.802325 222.545283 
234.660644 227.648974 
252.891677 222.201266 
233.870863 229.779228 
235.202692 230.575046 
238.074779 221.733273 
306.32782 223.373259 
237.717632 226.538573 
246.577082 222.973877 
234.475422 224.974561 
235.490547 236.71991 
234.458679 227.977136 
236.315697 233.123084 
248.778257 222.338233 
243.623227 224.051197 
236.900269 228.029665 
254.694048 221.996281 
