120.510445 90.827212 90.059224 
103.98942 77.651063 79.840419 
85.161547 64.878364 69.338953 
85.551763 64.80548 68.747779 
85.005924 64.984629 69.277896 
84.986021 63.987061 69.383521 
86.177838 64.325701 68.804705 
85.170918 64.731016 68.462871 
84.998444 64.93828 69.271562 
85.53263 64.542892 68.584598 
86.062969 65.480593 68.541264 
85.617885 67.783218 68.881667 
85.294206 65.097669 69.059445 
85.263595 64.595139 68.553948 
85.484948 64.802972 69.183954 
85.159188 65.534982 68.669046 
85.06715 64.846924 68.878453 
85.503421 64.416592 68.92642 
85.492428 65.045348 68.898026 
85.711973 64.71365 70.086301 
85.322398 64.59682 69.060169 
86.103547 64.418333 68.907569 
85.564535 64.71977 69.036567 
85.236904 64.367276 68.879608 
85.357218 64.663166 68.773371 
86.002747 64.165353 68.816065 
84.85926 65.05357 68.783198 
85.350351 64.690333 69.462541 
85.397495 64.755604 68.749998 
85.497092 64.109813 68.55811 
85.165074 64.536602 68.792601 
84.988187 64.738275 68.493785 
85.172175 64.639629 69.13482 
85.095612 64.237014 68.382662 
85.071238 64.806129 68.609308 
85.853566 65.135673 69.007603 
85.599022 64.812852 68.69482 
85.048256 64.371226 68.818089 
84.974993 64.057654 69.072687 
85.10606 64.623321 68.841591 
86.42941 65.014392 69.258653 
85.39048 65.04606 68.722506 
85.011773 64.823694 69.513464 
85.292957 64.223707 69.111611 
85.142847 64.761116 68.921135 
85.088945 64.548581 68.853938 
85.164938 64.636598 69.318972 
85.408084 64.286222 69.960748 
85.792361 64.597732 68.695544 
85.500165 64.901997 68.836459 
84.904426 64.847252 68.952849 
86.086839 64.84067 69.321181 
85.329438 64.839305 68.707687 
85.307131 64.886986 68.76673 
84.934404 64.690888 68.786377 
85.373863 64.876094 68.793645 
85.237534 64.607638 68.798555 
85.854898 65.018405 68.576911 
85.360148 64.958085 68.923015 
85.828931 64.633997 69.315489 
85.349181 64.755322 68.62722 
84.839926 64.316412 68.63029 
85.24527 64.585077 69.153687 
85.678927 64.599395 68.745683 
84.994685 64.811249 68.755601 
85.055885 64.831781 68.988305 
85.534793 64.46347 68.755883 
85.633643 64.493599 68.787015 
85.136311 65.43458 68.614715 
85.644882 64.73256 68.53838 
85.376973 64.603245 68.845731 
85.701849 64.81775 68.956697 
85.413439 65.135468 69.026073 
85.342025 64.897724 69.086444 
85.282701 64.41933 69.190577 
85.444119 64.32919 68.886178 
85.062632 64.707816 68.556766 
84.807385 65.1816 68.610354 
85.447905 64.524071 68.829522 
85.624117 64.485227 68.663731 
85.04701 65.413769 68.763726 
85.334823 64.710355 69.10356 
85.238778 64.411224 68.678331 
84.900097 64.706036 69.472605 
84.94623 64.809239 68.644031 
86.149943 64.612237 69.16762 
85.378692 65.056866 68.976636 
85.141013 64.47426 68.511829 
85.555772 64.445909 69.306051 
85.67877 65.562145 68.77524 
85.057865 65.082382 68.890681 
85.336596 64.404653 68.925147 
85.448726 64.722651 68.45446 
84.873878 64.283288 68.979354 
85.169105 64.652207 69.175681 
85.4568 64.612522 68.473966 
85.568886 64.52251 69.015846 
85.0098 64.683495 69.539489 
85.578269 64.641195 68.848758 
84.869564 64.771339 68.522536 
85.088436 64.939577 68.884677 

