9.237378 9.042509 
9.412236 8.918373 
9.907952 11.234416 
9.752384 9.296725 
10.796669 8.607835 
9.050204 8.712347 
9.103373 11.055095 
9.196444 8.593257 
9.002879 8.71668 
9.99709 8.731486 
10.339944 8.731402 
9.183642 8.584241 
9.719079 8.724856 
9.706922 8.71309 
10.888329 8.567762 
8.85758 8.556088 
10.017652 8.950819 
8.893106 8.85362 
8.948406 8.600024 
9.331287 8.691757 
9.115224 8.423744 
9.710844 10.514735 
9.219926 8.5964 
9.024045 9.064175 
9.281177 8.400563 
10.358359 8.54745 
9.417469 8.834288 
9.040795 8.528076 
9.009211 9.245671 
10.126424 8.668536 
9.838934 8.664757 
9.243601 8.617333 
9.001352 9.610972 
9.71214 8.521912 
9.144368 8.452789 
9.821767 8.732631 
9.867094 8.476012 
9.911927 8.743748 
9.242162 8.822514 
9.188574 9.558991 
9.072867 8.616922 
10.277815 9.026611 
9.237672 8.499713 
10.468534 8.584687 
8.84975 8.542451 
9.081113 8.668997 
9.174387 9.386832 
9.849776 9.06223 
9.082459 8.492652 
8.95679 9.611458 
9.147505 8.628447 
9.291847 8.387259 
9.749214 8.753135 
9.21445 8.620975 
9.768653 8.665219 
9.084888 8.635311 
10.228398 8.75091 
9.571971 8.500714 
9.284623 8.469407 
10.688163 8.640107 
8.956906 8.607183 
9.298476 8.563981 
9.928849 8.790369 
9.213605 8.582652 
9.829796 8.974031 
10.205578 9.162598 
9.019209 8.693108 
9.208955 8.385494 
10.401794 8.417277 
9.364664 9.113982 
9.15343 8.637721 
9.193808 9.423147 
9.198701 8.806683 
10.512904 9.71205 
8.932916 8.605849 
9.04972 8.627453 
9.623661 9.624968 
9.955035 8.568117 
10.344392 8.9669 
9.085259 11.733951 
10.537714 9.482415 
9.16444 8.700561 
10.028623 9.488777 
9.19789 8.69869 
10.342697 8.694312 
10.171639 8.587105 
9.172913 8.446559 
8.987677 8.341594 
10.469653 9.177964 
9.232031 8.675671 
8.939575 9.227697 
9.129329 10.012104 
9.039004 8.698699 
9.153161 9.309415 
9.724192 8.77596 
8.998958 8.558855 
9.52411 10.603231 
8.950695 8.527616 
9.195919 8.61346 
10.764452 8.599728 
