115.29543 109.362858 
116.839006 106.287517 
119.829155 105.12334 
110.806392 111.408151 
110.951666 109.395939 
116.455695 114.159853 
111.385946 105.511456 
110.268497 105.975698 
115.244137 105.604514 
110.925075 106.428726 
114.12506 105.669431 
112.337159 108.081897 
127.870882 108.262113 
112.392954 105.741649 
114.443351 107.507851 
111.443677 106.768842 
115.943671 106.261202 
111.692067 106.914822 
113.901319 106.934691 
110.489288 105.933547 
110.526398 105.175142 
110.78214 116.452381 
110.853474 105.804481 
114.685559 106.377625 
110.672832 111.639607 
111.438663 105.011137 
116.090935 105.539833 
110.502091 119.007812 
112.325149 107.077284 
114.990848 104.967771 
111.247782 108.763077 
110.723524 110.227448 
110.983838 106.932595 
119.709675 105.56149 
113.865647 106.360564 
119.816028 106.017205 
113.573421 109.655809 
114.259156 104.437486 
114.237384 108.310074 
122.688403 108.146646 
114.821279 106.497706 
114.938081 105.970571 
114.66465 109.023288 
111.750043 121.256021 
109.648976 109.630823 
114.033746 105.303921 
109.627955 108.748373 
111.579933 114.370683 
125.684369 133.484114 
111.641204 105.456186 
113.856682 107.548011 
115.794335 104.652932 
115.72793 105.085272 
121.544018 107.467659 
114.383928 105.22284 
113.005084 107.111767 
114.386173 105.735381 
114.984926 106.731927 
124.561116 105.442681 
114.497857 106.79572 
110.85061 108.773651 
111.381628 104.284397 
113.949433 105.483538 
115.56088 106.636296 
110.932266 105.641066 
110.855991 105.732582 
119.495166 109.562575 
110.948538 108.992456 
110.841137 105.244968 
113.691262 104.190201 
111.544577 111.360046 
113.143532 107.569561 
111.130086 108.61846 
123.001155 106.61149 
112.088209 105.753496 
110.429473 109.650531 
111.38831 114.90833 
110.460509 109.807686 
110.499599 114.071975 
110.225523 109.807539 
110.599514 110.947863 
110.142783 108.684283 
123.618848 106.940695 
116.825118 105.385872 
115.67942 110.212882 
111.196157 108.442799 
114.902242 104.371175 
126.329263 105.931147 
113.349876 104.173815 
113.73382 105.033685 
114.385526 105.319151 
110.521331 107.90407 
109.541632 114.410143 
110.277953 110.102874 
114.215331 105.283809 
109.654364 108.415699 
110.009576 109.968163 
109.941621 118.793701 
113.330601 105.392469 
117.513135 105.40494 

