62.772163 52.454137 50.291123 
48.456254 39.09327 41.55402 
41.990215 31.352825 36.335845 
41.816891 31.543214 35.936712 
41.405733 31.584244 36.041188 
41.539849 31.347955 37.62055 
46.919012 35.294547 40.365954 
42.083344 31.572875 35.769249 
42.028317 31.407032 35.97111 
42.191756 31.423833 35.819672 
41.79793 31.311024 36.073578 
42.118602 31.561536 35.827148 
41.899609 31.593705 35.722613 
41.610344 31.572789 35.921091 
41.844553 31.625533 35.629 
41.66529 31.354773 35.835138 
41.789273 31.684078 35.763937 
41.878357 31.50412 35.553333 
41.401504 31.421087 35.887486 
41.72768 31.421714 35.542248 
41.698317 31.585884 35.908129 
41.731686 31.48062 35.527068 
42.161262 31.536665 35.559192 
41.425865 31.872279 35.77603 
41.665157 31.450005 36.079541 
41.633281 31.558181 35.780663 
42.159436 31.511033 35.823921 
41.549617 31.817067 36.091829 
41.747408 31.707698 35.978174 
41.936758 31.587273 35.83632 
41.926747 31.279408 35.80537 
41.555522 31.479903 35.67671 
41.616056 31.670522 36.184335 
41.501519 31.494848 35.917772 
41.60186 31.7618 35.838956 
41.665027 31.262691 35.636646 
41.736864 31.427592 35.656426 
41.757116 31.346248 36.035376 
41.837233 31.44213 35.722433 
41.904934 31.233618 35.595767 
41.643388 31.517727 35.645187 
41.706291 31.704903 35.648937 
41.455925 31.482168 36.080313 
41.620083 31.485598 35.692556 
41.847081 31.201504 35.680377 
41.452082 31.537788 35.984842 
41.50375 31.59284 35.820026 
41.737836 31.557189 36.56183 
41.652064 31.414694 35.67114 
41.881935 31.279532 36.170126 
41.731069 31.911891 35.708802 
41.690272 31.729501 36.075089 
41.958514 31.408853 35.929806 
41.714378 31.485722 35.46784 
41.450141 31.429794 35.755715 
41.838999 31.633564 35.692433 
41.90236 31.326982 35.731183 
41.471538 31.393042 36.013554 
41.523049 31.517018 35.685877 
41.889506 31.640812 35.964035 
41.692932 31.947284 35.928784 
41.410481 31.427644 35.69622 
41.513862 31.578674 35.926087 
44.838451 31.617097 36.004538 
41.987372 31.467974 35.657625 
41.596804 31.330501 36.047595 
41.66421 31.392716 36.070762 
41.588353 31.350166 35.853029 
42.058397 31.529008 35.531117 
41.907964 31.415246 36.053295 
41.480738 31.459819 35.674941 
41.673333 31.41336 35.966471 
41.739266 31.402292 35.904951 
41.927318 31.709143 35.819235 
41.570792 31.501027 35.767561 
41.620391 31.439627 35.739679 
41.530557 31.285575 36.30715 
41.585614 31.399093 35.725369 
42.202854 31.484911 35.819713 
41.519124 31.495284 35.467793 
41.596838 31.319919 35.539116 
41.398493 31.684749 35.835274 
41.768916 31.640846 35.739144 
41.850887 31.43114 35.848685 
41.889085 31.54682 35.594431 
41.65461 31.844117 35.785873 
41.559165 31.561937 35.456686 
42.092492 31.421341 35.579056 
41.781453 31.409916 35.655782 
41.857493 31.234248 35.962863 
41.777144 31.315236 35.848294 
42.010513 31.236818 35.821412 
41.757768 31.417915 35.561437 
41.538775 31.513392 35.713957 
41.681265 31.673696 35.694008 
41.812875 31.656989 35.687429 
41.694033 31.573259 35.818984 
41.657642 31.379905 35.759569 
41.479279 31.283511 35.841148 
41.593494 31.54196 35.757257 
41.691409 31.471342 35.651931 

