67.404394 73.210863 
59.168984 49.257876 
54.856979 55.321488 
54.430942 55.103669 
55.408554 49.366509 
59.176217 51.096968 
54.115825 52.192958 
55.715274 54.211088 
54.545472 49.84174 
54.874182 49.740914 
58.78895 48.121466 
55.242261 49.537811 
53.212978 52.181436 
52.6835 48.416271 
53.367784 50.637183 
53.006159 49.798482 
53.699984 49.793892 
56.188925 48.232281 
53.20784 49.050368 
55.007632 49.978215 
54.758634 48.177444 
55.888665 49.942036 
54.157268 49.26018 
55.239859 49.427449 
54.713855 48.866352 
56.676813 48.575621 
52.967558 48.78194 
57.830981 48.012576 
52.488658 48.167726 
53.028721 49.294457 
53.125748 51.795568 
52.989035 49.702976 
57.612352 47.315522 
54.200443 48.765137 
52.786917 49.281497 
53.833401 52.971038 
53.237294 51.142415 
57.44511 48.388944 
53.812556 51.981529 
53.533682 50.677745 
53.134721 48.563173 
57.56429 48.388227 
52.862635 50.98658 
52.801073 48.011572 
52.54859 49.787176 
56.395522 47.744794 
54.004519 52.196929 
52.727289 52.445051 
54.061814 57.140908 
53.261042 48.889145 
54.013968 49.71397 
55.579568 49.396003 
56.318421 49.215249 
55.313108 48.730747 
54.904365 49.532749 
58.639788 50.044896 
55.656528 49.113101 
56.488205 48.692172 
53.088603 52.290476 
53.887567 51.640298 
52.551048 52.212484 
53.571206 48.896335 
55.816889 49.887673 
55.57865 48.80689 
53.363519 50.997536 
53.340972 52.619295 
54.871575 47.603809 
54.722065 48.409057 
55.071957 49.690201 
55.799317 49.37774 
54.840628 50.106595 
55.459629 48.5922 
56.742729 47.583388 
56.222427 48.783738 
54.783946 48.678492 
56.239212 48.498032 
56.204559 48.83159 
52.905762 51.633513 
53.264363 51.041261 
54.312609 49.55381 
57.426635 48.012012 
56.140637 49.922296 
53.476958 50.603536 
52.587372 49.034554 
52.982812 49.457412 
57.291238 47.739757 
53.244484 51.756765 
53.535205 49.786337 
55.865253 49.724009 
53.532156 48.118676 
52.673009 49.995206 
53.697176 50.951094 
53.349824 48.607361 
55.801393 49.582308 
53.223022 51.560013 
52.540581 50.73002 
53.106182 49.493282 
55.313129 49.216515 
53.953817 51.570449 
52.719688 48.382333 
55.680952 49.794279 

