314.40648 354.650855 
347.420146 351.835936 
356.339014 351.151263 
349.941953 345.470303 
352.179347 343.262899 
343.356713 352.388901 
335.114149 363.271755 
335.942855 345.89739 
349.595641 349.289254 
333.965555 346.556367 
340.971363 345.53493 
331.341027 352.325004 
363.738772 347.172513 
374.078282 345.112029 
334.718608 351.734697 
328.516478 345.165998 
334.088925 342.417282 
340.427838 355.258073 
328.341717 346.947671 
332.964297 344.489095 
336.326612 348.256195 
332.891821 344.851749 
333.423302 366.941107 
328.478638 346.695398 
331.231426 349.398414 
337.435284 344.347983 
332.354562 349.282648 
336.989905 353.054933 
331.609732 346.40007 
331.027896 347.701893 
331.599624 343.430985 
333.345429 345.402368 
347.449082 347.780266 
334.111656 345.966113 
338.820362 342.272942 
331.07337 347.818765 
339.160309 344.494478 
332.402473 349.715715 
332.145265 347.565506 
334.88818 369.652155 
332.201746 347.235947 
331.238915 351.518867 
330.849893 345.715327 
336.262719 344.095131 
331.264475 347.227349 
333.704094 345.809012 
344.924119 344.911865 
332.546752 351.48191 
331.998332 349.531642 
338.578433 347.735875 
332.370325 352.377834 
332.091814 361.196356 
330.420761 347.008502 
339.358547 344.900036 
337.358782 346.400246 
331.547147 356.286611 
332.811517 368.088173 
333.878021 352.352173 
335.487775 352.378855 
330.956638 350.896368 
332.311217 364.117157 
331.975523 351.227737 
337.090652 347.051642 
348.216158 346.550968 
333.73887 351.57982 
333.364127 345.421514 
331.668181 344.745619 
344.976122 342.791808 
330.879537 360.943899 
328.841628 353.518036 
331.025091 354.328431 
333.835903 354.953293 
339.092078 346.553993 
331.833042 362.138036 
329.85012 360.749804 
334.404931 353.948157 
334.130885 349.538521 
336.969306 349.215816 
350.498379 349.486779 
340.243066 347.473619 
338.976819 349.665288 
340.074164 351.616075 
354.727009 348.281856 
338.619234 347.345636 
341.507772 349.203224 
336.142219 351.762641 
332.909749 347.627596 
352.151931 348.340392 
344.64811 355.220283 
332.372042 353.853962 
333.448263 351.715828 
333.213705 344.082968 
331.132707 348.461338 
338.455627 343.753915 
338.198958 345.462655 
339.024982 342.200263 
350.423965 347.904124 
338.40599 348.710448 
330.363997 346.794729 
333.168941 349.066506 
331.432261 359.432924 

