16.349081 17.262431 
13.560124 13.580412 
13.112231 16.365763 
14.09158 13.980711 
13.078843 13.50502 
12.936118 13.238615 
13.091283 17.731216 
13.404822 13.579329 
13.137794 13.398641 
14.120566 14.230189 
14.822555 13.389583 
13.120867 13.265904 
12.953653 14.688316 
13.575263 13.268074 
15.07359 13.308274 
12.799922 13.329449 
14.755308 14.475657 
13.5024 13.148326 
13.346125 13.2529 
13.184672 14.650855 
13.246436 13.548326 
13.314145 14.866432 
13.417681 13.071686 
13.130764 14.41341 
13.026526 13.137993 
12.994138 13.984012 
13.077465 13.194447 
12.887739 13.150416 
12.812741 13.367153 
14.186242 16.105513 
13.114742 13.274701 
13.633653 13.405539 
12.90031 13.955968 
13.025974 13.302162 
12.983547 13.154281 
13.525999 13.79446 
13.000659 13.269481 
13.326063 13.253362 
13.381729 15.062731 
13.49667 13.597837 
13.405048 13.668033 
13.052184 13.455239 
13.840334 14.096065 
13.194538 13.76832 
14.032105 15.092383 
13.353215 13.528232 
13.177697 13.342702 
13.760123 13.575113 
13.455054 13.081632 
13.010581 13.576128 
12.851374 13.204835 
12.952277 14.168306 
13.482847 13.232991 
13.113841 13.047923 
12.932323 13.231668 
14.52164 14.558293 
12.982961 13.451948 
13.032792 13.043346 
13.071766 14.109884 
12.951138 14.221801 
12.976272 13.293645 
13.433634 13.983533 
13.02491 13.412369 
12.854897 13.25927 
13.18916 13.894986 
13.2331 13.358776 
12.880349 13.209964 
12.900128 13.148234 
13.728618 13.890791 
12.995881 13.156374 
12.968396 13.137346 
12.886751 13.877385 
13.00051 13.164171 
12.991801 14.338242 
13.425247 13.975238 
13.040011 13.302462 
12.940343 13.249735 
12.996165 14.493945 
13.070377 13.14801 
13.005401 13.225543 
12.893495 13.125677 
13.832899 13.796627 
13.147562 13.191455 
12.843046 14.001712 
12.944188 13.209275 
12.966634 13.532994 
14.600812 14.107719 
13.95846 13.495186 
13.375003 13.728183 
13.683959 13.825307 
12.792116 13.031585 
12.924022 13.195122 
12.805948 13.428006 
16.812102 14.323158 
12.877569 13.23452 
12.975799 13.319871 
13.810221 13.535426 
13.289347 13.259214 
12.909988 13.188622 
13.91475 13.753713 
