158.532346 166.685934 
163.811414 159.555873 
159.930244 166.505947 
158.245956 163.55511 
155.740173 157.833583 
161.184876 164.511905 
160.394178 158.917571 
180.470024 223.403977 
181.167385 157.804201 
154.79733 160.711676 
157.35664 162.410088 
163.906942 164.602992 
155.71321 159.727886 
155.286333 159.025149 
154.476415 160.100532 
154.322524 163.960503 
154.190297 158.24618 
154.535599 159.352938 
155.332522 157.498422 
167.927502 160.515254 
156.484175 158.435394 
153.406718 162.358242 
154.257804 164.470357 
154.124084 160.536961 
153.254233 163.149525 
153.427928 163.491542 
154.665468 160.586546 
153.499377 158.212699 
156.177399 165.008152 
154.729681 159.163398 
155.622661 159.724566 
154.432458 172.079953 
165.182571 158.04471 
154.245234 160.090467 
154.989471 161.929196 
154.817781 160.17125 
154.413476 157.609806 
189.832541 170.921376 
154.199506 159.578318 
155.971439 162.477833 
154.296487 159.375917 
154.831604 158.031886 
166.856863 159.25336 
154.713527 158.431744 
155.618445 163.137247 
154.994015 158.811802 
155.198977 164.941668 
154.616598 163.503561 
155.361669 167.500694 
154.281151 159.970417 
155.166213 171.306309 
154.292539 160.901201 
154.591204 162.424595 
155.259804 159.928188 
155.437397 162.258708 
186.610514 226.418322 
169.202495 160.201088 
154.84109 158.627844 
159.808774 159.34161 
154.902771 169.758725 
155.359868 160.800461 
163.527241 160.192384 
159.66356 163.543389 
153.245839 158.965478 
158.658077 160.349308 
156.065771 171.259175 
156.103764 157.60135 
160.953942 158.240089 
158.436432 160.568118 
155.424468 163.247341 
155.47655 161.203195 
153.009444 170.31166 
154.83584 161.681993 
156.421657 163.132536 
154.438065 162.422598 
153.335891 158.613796 
155.843661 163.980638 
154.761532 159.546317 
154.368777 161.028902 
158.773626 158.730211 
166.616441 160.506953 
179.843609 161.462962 
154.334376 159.573001 
160.322549 160.50756 
153.469472 161.531576 
154.441947 163.24515 
153.700132 159.742152 
164.175363 159.566915 
158.464476 159.34848 
152.566039 162.251007 
157.960176 162.998855 
155.538172 162.958511 
153.275435 159.064031 
161.999755 158.794607 
159.257175 159.36279 
154.55831 163.403636 
153.994086 164.208095 
153.685824 159.451941 
162.368186 161.45149 
153.441154 176.483441 
