75.323729 75.378206 
75.588656 78.762218 
73.290799 78.064864 
71.82256 74.857846 
75.363805 76.06771 
71.727999 78.314432 
74.579697 80.435189 
72.37716 74.725132 
72.492417 75.915196 
76.725149 74.898946 
73.310287 74.814476 
72.888213 74.489932 
74.209931 76.905528 
73.90602 76.564289 
76.529445 75.196176 
71.363331 74.312745 
72.246534 74.668421 
73.191634 74.637273 
71.687236 75.113882 
75.331285 77.802064 
71.934417 74.797806 
72.136924 75.350743 
72.225038 73.821799 
72.399526 73.491121 
74.388826 74.440195 
72.324767 73.62531 
73.124375 74.779916 
72.872352 74.003144 
71.751867 77.680115 
72.275766 75.216038 
71.963618 74.560791 
73.143919 74.545747 
71.485242 74.147701 
74.747172 73.999148 
71.953981 74.744787 
73.242941 74.64034 
71.776282 74.195316 
73.736435 74.615172 
71.971534 74.67906 
73.074792 73.878694 
71.805944 73.921943 
71.548155 76.201413 
71.396159 74.108988 
72.655094 73.824949 
71.594553 74.11574 
74.502429 76.088814 
72.230925 74.957371 
72.221284 74.400519 
72.85908 74.858412 
74.791655 75.146677 
71.61174 75.22116 
70.74391 74.237513 
71.803511 77.083973 
71.5193 74.35673 
71.350326 96.744558 
88.513415 75.442414 
74.61836 75.825919 
77.415162 75.194654 
72.055101 74.965592 
75.268531 75.335951 
72.426244 75.206017 
73.004646 75.324733 
72.51727 77.975966 
72.962254 76.41213 
71.894185 74.619173 
72.688599 77.06187 
73.018771 75.374877 
72.28891 74.600851 
72.518793 78.408914 
73.8407 75.043575 
71.886701 74.39602 
74.31926 75.15214 
73.470156 74.929142 
72.376561 74.773478 
72.745959 75.061958 
72.8405 75.041845 
71.974123 78.587399 
72.560534 75.861707 
72.218966 75.919867 
72.297302 74.667191 
73.192669 74.915134 
75.782223 74.963623 
72.108958 75.361629 
72.947601 76.982273 
72.054842 74.572375 
73.321783 78.316272 
72.224399 74.932244 
71.501239 74.145874 
72.705044 74.478324 
72.310138 74.335497 
72.801826 75.107111 
72.078675 75.23063 
72.202509 76.346148 
71.871122 78.476764 
72.313411 75.541893 
72.873704 77.469963 
72.600708 75.963057 
71.242293 80.274319 
71.798467 74.155889 
78.032315 74.926727 
